local pre = {
    2396889158,
    484558063,
    3534215668,
    2619287893,
    2313285828,
    2566333910,
    2391335850, -- -- 
    896822222,
    418346057,
    2879758959,
    3807690488,
    2309445116,
    2508558178,
    2312296396,
    1522859189,
    938152263,
    2694711190,
    2460461173,
    409563713,
    1380210916,
    303342406,
    1266926238,
    101049003,
    1045691905,
    255332987,
    2926049173,
    44208538,
    131670097,
    955837657,
    120629350,
    3900032476,
    2215661266,
    2692890564,
    144014178,
    2440618880,
    111883004,
    158478565,
    224560539,
    1374414843,
    220423906,
    418195008,
    71769479,
    314518234,
    1643238625,
    1612355772,
}
return pre
